15169046746
15106951375
15168818244
13992224324
15720275673
15891481319
15734180843
13478976073
13804942054
18242063231
15941171821
18741152978
15840915809
15242668350
18723391789
13643175714
15276198825
18365896989
15902043684
13556090739
15174093292
18737461922
15713179011
13571980884
18693800152
18846993033
15736550474
18553468863
15165330562
18602992517
18748848440
13761384082
18256336301
15824848272
15640362015
13814421865
15720275673
13159112628
15650124331
13049580409
18237358806
18391403203
18789260229
18500805403
18559407573
15305350702
13842146617
18229604699
18297215705
18781941799
13936620841
15127766037
13729897646
13260902651
18893617979
18936632008
15871653977
13825630142
15983585468
15542354538
18636774004
15871653977
15040288233
15804690521
13760018901
15857892994
13199849665
15089623436
15018785568
18254618471
18205111260
18636774004
13152776644
18318298713
13543382830
18009228698
15857892994
18234191219
15809067916
13735917001
13882807897
13960521823
13642700725
13580236246
13564043604
13775260739
13385162286
18906317705
13249543589
15060157337
13134116603
15797621013
15054724678
13845727152
18105688695
15105617566
18897753972
13551871556
18606409462
18963205698
13470546222
15219483406
18835614440
13652115505
14777551314
15578322008
18773022112
18719347032
18379133203
15994855673
13103559927
18337653253
18224221480
18981071081
13681859179
15859441755
18922042375
18827516135
13961466222
15974745080
18255405003
18906317705
15114441942
18115511031
15221119950
13460207185
15842050971
13521795059
18931094574
13776624275
15085970117
18791012081
18365896989
15010849961
13288688653
15737317539
15255701872
18317530869
13424361250
18268365267
15318968673
15126211779
18778112322
13721261662
13775393775
15238527291
13722106600
13946501223
15303393638
13202303307
15318968673
13464355687
15951335752
18020701296
15542075052
13890628751
13842465261
13299753877
18366692688
15922269820
18861536186
15929177302
13892173282
13296665990
13288599591
18695913620
15123301283
13509643973
18641101774
15914922788
13720936368
15214640468
13807898284
15055150970
13511078842
18091856983
15382785717
13765095633
18254068984
13770324255
14740561808
13310902020
13657864750
15835363810
18039631000
15158631911
18759823830
15670631967
14784750692
15734158830
18830826215
13637266117
15764602576
15257750705
15161173137
18738470138
13945980645
15809067916
13778785784
13223082164
15247412830
18684777751
15154689626
15735655714
13753432282
15894895773
13718082250
13798077655
18720096401
15145207659
15159695117
15778534134
15053795677
18775785932
15072452202
18090901990
15672635892
15319641886
15399820827
13413367535
15754862704
17771602224
18364692671
13428262373
13526785823
15084285822
13589292148
18700707844
15851278708
18354231082
18103658711
15866501598
13994901405
18638762862
15389472061
13676495706
18767192803
18363159408
13565119122
18734721321
18355351851
18252331512
15527375859
15739303232
13038035262
13838462651
18732190867
15849071758
13100156151
15946415329
13846461807
15946444397
18346465271
18382002665
18239993473
18274971707
13873235179
18518094610
15277282361
15103416549
13667821595
13844299277
18727106390
15816583775
15907609887
18356228699
18038689931
18232482311
13660352093
18518110812
15868017961
13813468905
15680001202
15803845703
13704148717
18814373080
17767455763
15680996807
18693070994
18657580446
15935711701
13235085111
13081900969
18603578189
15539693657
13212210863
18630792438
15516942622
13507412341
13592718919
15837589676
13454485948
15543650115
13507412341
18311635776
13988010787
15630767023
18316088817
15279933362
18262375582
13159631994
13427707318
18658767998
15957586996
15944347220
13142278256
13519103106
13615018660
13735373375
13752660174
18707382731
18089200669
18734881145
13834644941
15918769898
15915310611
15107825275
13834674752
13934218606
13212210863
18630792438
15516942622
13507412341
13592718919
15837589676
13454485948
15543650115
13507412341
18311635776
13988010787
15630767023
18316088817
15279933362
18262375582
13159631994
13427707318
18658767998
15957586996
15944347220
13142278256
13519103106
13615018660
13735373375
13752660174
18707382731
18089200669
18734881145
15065797846
15774507532
13400358978
13674427861
13353839092
15869298664
13330838219
15228053226
18374963789
18071525360
13393828510
15869498174
18523861710
15869498174
18803505751
13531632512
13127952703
15142332720
18267406129
13432992208
15937318916
15290013582
18715650933
18829233054
18392811250
13070322149
15903045472
18985792589
15850714056
13137162525
15366627115
15138855585
15667511369
15591393610
13925093355
15204415695
18361203205
13994281038
15756877386
18361203205
18131722540
18239488806
13533141345
13726869404
15580654252
15928428519
15291082122
15373481880
13716115404
18635710838
13973081936
15399830826
18361332605
18292264787
13407556786
15239155202
13980518906
18237790497
15373481880
13585939463
15038720983
13124727920
18810643788
13379499407
18636610359
15093062262
15399830826
18254147163
15910097661
13969064750
13753726979
13970148259
15161259876
18921550391
18700554585
15146378500
18218222757
18988918657
15920315160
15218105981
13650868493
18988918652
18168172320
13504120681
18238392257
18209113062
18700554585
13536462894
18117975507
15921932185
18238392257
15056685406
13726094131
15056685406
15717549990
13309615302
18305087971
13480732946
13567032665
18515192905
18790800501
13503747249
18969617590
18229163004
13503747249
15525719578
13545516198
15822877730
15053942111
15222019976
15973332580
18861376739
18736317910
13889287517
15738319359
15229147698
18662102610
13817459796
13750810589
18003882443
18263618512
18246476861
15869191394
18438821611
15935626429
15809851905
15968958782
13956179835
13964614851
15095253612
18131358685
13718831823
15255615242
18229916620
15181907216
13699183110
15530384073
15141903391
13991412619
18735993951
15670758520
18764991595
13591644430
13039258260
15738325939
15134073607
15018898975
13816062872
18747558541
18823092655
18753963869
18831819207
15981241609
13577584563
18562595592
13596397570
15069656662
18103877751
13513633715
18103136507
13470857518
15704553002
13305363138
13723400782
18131340326
15242474105
18653099294
13942339859
15919508795
18256707639
18207687655
13571353260
15595188312
13856801628
15115395955
13571353262
18476855819
15194807303
13781670731
13109187579
18131340362
15856734856
13784818946
15612338195
13853327042
18262905517
18531356805
13522595283
15194807303
15202164997
18005503305
13542459907
18010995033
13722871821
15290456791
13163058392
13104897490
18826711795
13967143970
13528140253
15214551486
15225817785
18009694347
18360770336
15003864168
18387310607
15114200667
18383017031
13529960615
18434821026
15707664465
18766151509
13655676736
13415814584
15050280353
15864127069
15136596783
13737564169
15324037618
15530769112
18839706073
13616630032
18267895128
18074698640
18276268927
13718097255
18034035255
15621672960
13043808767
13596335516
15298003459
15003999615
18253607492
15114651768
18759477267
13006528981
13626393530
13979642974
15514854650
18823544278
15137244122
18269654337
15037451245
18560458741
18605015328
13853726200
15934467950
13879543259
13863781532
18339056362
18577939320
18767152112
17757199544
15133526956
18722217979
13684779471
14751300535
13691107377
13687102701
13179992130
15514897102
13202099928
18520030630
13578697496
15993656185
15181844471
18351597863
15514856046
15090821296
15578946246
15517108856
13134396175
15939987191
18951066675
15139455202
13542722868
13553412648
18243980089
13763313583
18872033272
15259534106
15807017928
15133329756
13019130577
18943995627
13505114647
15854432125
15837479372
13180997327
13596230184
15233271200
15568257668
13752721978
18758223692
15144390438
15599675557
15959399261
15383356041
15599640624
15295099112
13323720809
15161316357
15622686792
15260374781
13505114647
18003064398
13240605090
15106476900
15543633620
15559269135
13131302809
13418002171
15713893983
15193589376
15161316357
13276121890
13145992908
18622318058
13766950803
15860096528
13179996338
13019138699
15543633627
15371213717
18136744688
13766950807
15568105898
15971858502
15909833866
15543633621
18894914442
15236452893
13619971766
15824635492
15822913044
18223951822
13937480319
15543633617
15836510326
13252694688
18318716450
15295099112
15869057134
13244004082
15969783465
18843194400
18844174400
15209200120
13999589771
15237323565
15236234634
13424007976
13466970203
15844199814
13416594330
15869057134
15290534913
15994132587
15699231255
13712269003
15258315637
15967195250
13777433455
15165478526
13804393217
13044200103
13727171455
18039911391
15019395532
15552358219
13779878702
18769135683
13835917883
15122676168
15170178770
15876898118
15022683284
18622994301
15838246852
18625821982
15929892939
18796920829
15063190657
15356330336
18790117537
15939920185
13733603595
15022888951
18211695979
18894914443
15295009259
13843091630
15990686252
13720434662
15894769005
13562111028
18348675204
13457450466
13132747520
13654553596
13989643156
13251893441
15690409768
13336248001
13589843001
13405454508
18863132962
18663949086
13569478783
15751130653
15861927706
15083013104
13704369853
13885879355
15539719569
13244005120
13274441372
13542722034
13166661172
15543633615
15920317215
18364739858
15539719569
18034561041
15123612029
13183067221
13922552489
18625821962
18532274751
15128303433
13544552511
13226622727
13253107911
18034561042
13666862393
18788689112
13815534005
15944940960
13252694688
18510787867
15690855073
15683055313
13516147375
18037018777
18059301259
18205785309
18259368883
18435124643
18435124656
13908191345
18615004675
13935642140
13978827981
18615004675
18271235922
15900285735
15071413209
13679878349
13843809016
13945868997
18855478482
17719368678
18631791559
15153287031
13557816955
13487394714
13155677702
15236218742
13549227982
18162834860
15255968521
18602538303
18029062173
13212210863
15516942622
13507412341
13592718919
15837589676
13454485948
15543650115
13507412341
18311635776
13272896369
13711044271
18520030630
13673059080
15514851403
15966027141
13988010787
15630767023
18316088817
15279933362
18262375582
13159631994
13427707318
18658767998
15957586996
15944347220
13142278256
13519103106
13615018660
13735373375
13752660174
18707382731
18089200669
18734881145
15065797846
15099991411
13816027726
13531940432
13543964492
13590481330
13288672862
18820209723
18565577708
13712588886
13662995654
13480325762
13825630225
13192998439
13192998459
13192998297
13662354300
18312082211
13760379313
13539648039
18825191064
15625691671
13246902159
13192998372
13178806637
13825629904
13760894363
13352715358
15767956371
15506477420
13612428956
18819282864
13829621400
15986900005
13926952849
15907567019
13580160855
15626211958
18928014225
15919197115
13417685552
13888381963
18026000041
13580531477
18620938038
18535173202
13729371008
13539262534
13798957077
13590595277
13169254907
15889156768
13580279361
13539368126
15602268325
13863174424
13087538331
15565353869
13270052032
13145267035
15097500071
15303344823
15000375862
15778125804
15614147007
13864359730
13730948335
15205202823
13218975398
13619582670
15292182730
15903270829
13956403247
15850407158
13682040972
15133640240
13211112802
18853907151
18843902190
13955817950
13525782946
13473053951
18032322601
15131325154
15082869113
18867397707
13852838919
18936536990
18322146623
18861128599
13669757450
13323233717
18716061882
15251012782
15333817770
13781689100
13468951462
15150706267
13475673587
15896500456
17773023895
13670775412
18336753138
15510521101
13946512371
15666189058
15850406917
13145757242
18898928575
15219191199
18262930019
13351198918
15769246387
18626521833
15249381618
13783620477
18237918843
18539595975
15838871323
15102726560
18134792940
15236299982
13525426531
13453189571
15091822564
15551556560
13935146827
15061275819
18681331810
15615671033
18360700539
15373794665
15698093775
15553758527
18814056584
15206309933
13510185330
13731397669
15215678080
13655671159
13007528524
18023969583
18712203001
15002332273
13643696552
15052781246
18866226504
15937110922
15923524304
15933054645
13572474293
13773001720
18856732750
13926133363
18226059915
15775166650
17072791616
18678710216
15618386705
18331774205
13861676974
15813005500
18322339549
15902410791
18009362625
13330223655
15229054482
15832650110
18712956800
13363689683
18622288192
13752633332
13694019093
18352590703
15255783088
18669985159
13773523391
18708385429
18768136199
13934175623
15976140877
18361635446
13687341052
13841316049
15851079742
13934299709
18775333351
13012950307
15303343154
13726395283
13692546700
13206382253
15265231957
15297605123
18675066904
18923107360
13726395283
15113632153
15267083905
18701792175
13663872466
15589881300
15275087603
18875909481
18034234115
18739703880
15829549630
13592589980
15127836403
18296636270
13293368346
13921921539
15291319652
15030358142
15873791800
18190925053
18051718768
15130557745
13523068048
15247678983
18330801912
15158036151
13994202151
18032387942
18841768242
18951397510
18778016212
15684777335
18909679883
18730866159
18222125375
15229600310
15075530589
13991652769
15133733036
13327736798
18833650689
15045783928
15267623322
13754438336
13131734932
18345257680
15230603059
15290645752
13131734972
17783852997
18771090035
15056361577
15354331988
15551553377
15142615442
15212566056
15562746865
13590871162
18776577344
18755038101
18181340266
15510177213
15088721843
18708251462
15100564139
13265504805
15172434214
18606020087
15144121629
18268488434
15839687208
18249577998
15056899547
15643025186
13191001592
15063606118
18952653427
18177558978
15531065443
13952257123
18751732695
15265135845
13345640399
15168293408
18669892923
15955298057
13034591499
18953915182
18253235202
13932399019
15612083338
13267278325
15562140958
18638789758
13249240460
15047404763
15590035115
15541129558
18443604344
15659033056
15216516632
15843164281
18443604344
18764704843
18331372398
15966092565
15028082142
18133895146
13762092520
15050614165